River North (660)                                                                                                                                                                                                    Page 1

Income Statement (12 months)                                                                                                                                                                                         Total

Period = Jan 2018-Dec 2018

Book = Accrual,Audit,Ops

                                 Jan 2018       Feb 2018       Mar 2018       Apr 2018 May 2018             Jun 2018       Jul 2018 Aug 2018 Sep 2018 Oct 2018 Nov 2018 Dec 2018

INCOME

Rental Income

   Gross Rental Income           168,668.00 168,801.00 169,130.00 170,286.00 175,963.00 176,066.00 175,530.00 176,048.00 173,306.00 176,647.00 176,215.16 176,480.00 2,083,140.1
Total Gross Potential Rent                                                                                                                                                                                                                                                            6

   Other Rental Income                    0.00           0.00           0.00           0.00           0.00           0.00           0.00           0.00           0.00    -3,843.00      -4,870.00      -2,406.00     -11,119.00
Loss to Lease                         170.00         170.00         170.00         170.00         140.00           55.00        110.00           30.00        100.00         100.00           90.00        110.00        1,415.00
Pet Rental Income                   7,702.00       7,951.00       6,525.00       7,533.04       7,257.00       7,125.00       7,657.00       7,239.00       7,353.00
Garage/Parking Income               7,872.00       8,121.00       6,695.00       7,703.04       7,397.00       7,180.00       7,767.00       7,269.00       7,453.00       7,369.00       7,965.00       8,040.00      89,716.04
Total Other Rental Income        176,540.00     176,922.00     175,825.00     177,989.04     183,360.00     183,246.00     183,297.00     183,317.00     180,759.00        3,626.00       3,185.00       5,744.00      80,012.04
Total Gross Rental Income                                                                                                                                               180,273.00     179,400.16     182,224.00     2,163,152.2

                                                                                                                                                                                                                                   0

Rent Loss

   Rental Loss                     -3,268.00      -2,280.00      -3,288.00      -5,502.00      -5,696.00      -6,592.00      -2,405.00      -3,326.00      -3,146.00      -4,070.00        -517.00      -3,562.00     -43,652.00
Total Vacancy Loss                        0.00           0.00           0.00           0.00           0.00           0.00           0.00  -16,073.00         -360.00          -45.00            0.00           0.00   -16,478.00
Concessions                               0.00           0.00           0.00                          0.00           0.00           0.00                          0.00           0.00           0.00           0.00
Total Bad Debt & Recovery                                                       -4,188.23                                                          0.00                                                                 -4,188.23
Total Rent Loss                    -3,268.00      -2,280.00      -3,288.00      -9,690.23      -5,696.00      -6,592.00      -2,405.00    -19,399.00       -3,506.00      -4,115.00        -517.00      -3,562.00     -64,318.23
Total Rental Income              173,272.00     174,642.00     172,537.00     168,298.81     177,664.00     176,654.00     180,892.00     163,918.00     177,253.00     176,158.00     178,883.16     178,662.00     2,098,833.9

                                                                                                                                                                                                                                   7

Other Income

   Other Income                       0.00           0.00           0.00           0.00           0.00           0.00           0.00        150.00           50.00           0.00           0.00         -90.00          110.00
Application Fees                      0.00           0.00          91.20           0.00           0.00          90.55           0.00           0.00           0.00          83.12          81.27           0.00          346.14
Vending Machine Income             298.00            0.00        254.00         121.53         174.20           30.08         -98.24                                     -279.84          -33.20                      1,177.05
Late Charges                          0.00           0.00          30.00           0.00           0.00                          0.00        321.92         433.60                                        -45.00
NSF Fees                             75.00           0.00          75.00        135.00           90.00           0.00           0.00           0.00           0.00           0.00           0.00           0.00           30.00
Total Forfeited Security ...          0.00           0.00        100.00            0.00           0.00        164.00            0.00           0.00           0.00        126.00            0.00                      2,212.62
Pet Fees                           137.75            0.00        265.83            0.00        267.79                        140.51            0.00           0.00                         75.00      1,547.62
Cable, Satellite, and Utilit...  1,851.00       1,801.00       1,690.00       1,737.00       1,710.00            0.00      1,731.00            0.00           0.00           0.00           0.00           0.00          175.00
Storage Income                     324.00           69.90        360.54           72.00        223.48         131.53         468.00                                       290.35       1,700.00                       1,354.97
Misc. Other Income                 174.00         595.00           90.00      1,345.00          -10.00      1,589.00           25.00      1,670.00       1,745.00       1,718.00           48.00        121.21       20,622.00
WO Chargebacks                                                                                                                              170.00           24.00         -40.00        130.00       1,680.00        1,805.92
                                                                                                                14.00                       410.00           65.00        130.00                                      2,979.00
                                                                                                                 0.00                                                                                     72.00
                                                                                                                                                                                                          25.00

                                                                                                                                                                                                      Friday, January 11, 2019
                                                                                                                                                                                                                          12:11 PM
River North (660)                                                                                                                                                                          Page 2

Income Statement (12 months)

Period = Jan 2018-Dec 2018

Book = Accrual,Audit,Ops

                               Jan 2018       Feb 2018     Mar 2018     Apr 2018    May 2018      Jun 2018      Jul 2018    Aug 2018     Sep 2018     Oct 2018     Nov 2018     Dec 2018            Total

Total Other Income                2,859.75     2,465.90     2,956.57     3,410.53     2,455.47     2,019.16     2,266.27     2,721.92     2,317.60     2,027.63     2,001.07     3,310.83    30,812.70
TOTAL INCOME                   176,131.75   177,107.90   175,493.57   171,709.34   180,119.47   178,673.16   183,158.27   166,639.92   179,570.60   178,185.63   180,884.23   181,972.83   2,129,646.6

                                                                                                                                                                                                         7

Direct Expenses

Marketing

Advertising - Internet         0.00         0.00         0.00         0.00         0.00         0.00         0.00         59.95         59.95        59.95        59.95            0.00      239.80
                                                                      0.00         0.00         0.00                                      0.00      397.04          0.00        364.02       850.75
Misc. Marketing Expenses       0.00         0.00         0.00         0.00         0.00         0.00         0.00         89.69                     261.13                      507.89     1,313.30
                                                                      0.00         0.00         0.00                                    94.91                    292.76                      865.92
Tenant Relations Promo...      0.00         0.00         -259.92      0.00         0.00         0.00         0.00         416.53          0.00         0.00         0.00           0.00      900.00
                                                                      0.00         0.00         0.00                                      0.00         0.00         0.00        600.00
Locators Referral Service      0.00         0.00         0.00         0.00         0.00         0.00         0.00         865.92          0.00         0.00         0.00                       18.75
                                                                                                                                                    718.12                         0.00    4,188.52
Resident Referrals             0.00         0.00         0.00                                                0.00         300.00       154.86                    352.71       1,471.91

Marketing Chargeback - Af...   0.00         0.00         0.00                                                0.00         18.75

Total Marketing Expenses       0.00         0.00         -259.92                                             0.00 1,750.84

   Administrative Expenses     2,916.32     -1,983.82       0.00            0.00        0.00       0.00         0.00         0.00         0.00         0.00           0.00         0.00      932.50
Travel-Car Rental, Uber,...      345.34      1,359.24       0.00            0.00        0.00       0.00       49.60        31.61        34.77        50.14            6.54      128.23     2,005.47
Travel-Mileage, Parking...          0.00                    0.00            0.00        0.00       0.00                                                               0.00
Travel-Conferences-Mile...         28.20          0.00      0.00            0.00        9.91     23.53          0.00         0.00         0.00         0.00           0.00         6.26         6.26
M & E - Misc                        0.00          0.00      0.00            0.00        0.00       0.00         0.00       54.37          0.00      275.39            0.00        41.13      432.53
Company Parties-Misc                0.00          0.00      0.00            0.00        0.00       0.00         0.00                      0.00                        0.00
Truck Expense                     -67.00          0.00    53.00          145.00      102.00      33.00          0.00         0.00         0.00       41.00           66.00         0.00        41.00
Credit Reports/Backgro...           0.00       148.00       0.00            0.00        0.00       0.00         5.00         0.00       69.00          0.00           7.66    2,201.20     2,201.20
Recruiting Costs                   83.08          0.00   368.89          154.40      252.01     247.23          0.00       10.00       169.54                      616.17
Office Supplies - Misc              0.00       141.59       0.00         115.68         0.00       0.00      289.19       267.43       370.93       184.00            0.00      125.00       873.00
Office Supplies - Toner             0.00          0.00      0.00            0.00       59.95     14.99          0.00      287.84          0.00      142.95           42.96         0.00      587.58
Office Supplies - Copy Paper        0.00         75.14      0.00            0.00        0.00       0.00         0.00         0.00       39.41       374.01         107.13                  3,970.38
Computer Supplies - Misc            0.00          0.00      0.00            0.00        0.00       0.00         0.00         0.00         0.00                        0.00      785.04       115.68
Dues                                0.00          0.00      0.00            0.00        0.00       0.00         0.00         0.00      395.00          0.00      1,335.00          0.00      232.45
Licenses & Permits                  0.00          0.00      0.00      -1,606.50         0.00    665.00          0.00         0.00         0.00         0.00           0.00         0.00      321.37
Legal                            386.40           0.00   352.83          352.61      352.79     352.52          0.00         0.00         0.00         0.00        339.89                    395.00
Telephone - Local                   0.00       352.54       0.00            0.00        0.00       0.00      307.68          0.00      315.03          0.00          52.44      214.24     1,335.00
Telephone - Cellular                0.00          0.00      0.00         107.04    1,177.44        0.00         0.00      216.23       234.34          0.00           0.00         0.00     -941.50
Telephone - Corporate S...          0.00          0.00      0.00      1,036.66          0.00       0.00         0.00         0.00         0.00         0.00           0.00         0.00    3,986.03
Training/Education - Internal       0.00          0.00      0.00            0.00   1,100.00        0.00         0.00         0.00         0.00      317.05            0.00         0.00      286.78
Training/Education - External    207.14           0.00   251.58             0.00     433.38     202.54          0.00         0.00         0.00         0.00        665.85                  1,284.48
Furniture & Equipment "...          0.00       193.14     58.20             0.00        0.00       0.00      215.34          0.00      202.35          0.00        170.47       340.46     1,256.74
Uniforms/Logo Wear               170.13          74.89    84.68          170.98      178.78     186.69        39.31       203.14          0.00         0.00        378.22          0.00    2,850.00
Portal Costs                        0.00       172.08       3.71            0.00        0.00       0.00      180.73          0.00       28.98          0.00           0.00         0.00    2,568.71
Network Yardi Support (I...                       0.00                                                          0.00      459.83          0.00         0.00                                  665.37
                                                                                                                             0.00                    24.51                      220.08     2,150.01
                                                                                                                                                     59.91                    1,750.00
                                                                                                                                                       0.00                                     3.71
                                                                                                                                                                                  -5.75
                                                                                                                                                                                297.99

                                                                                                                                                                                  79.00
                                                                                                                                                                                   0.00

                                                                                                                                                                              Friday, January 11, 2019
                                                                                                                                                                                                  12:11 PM
River North (660)                                                                                                                                                                             Page 3

Income Statement (12 months)

Period = Jan 2018-Dec 2018

Book = Accrual,Audit,Ops

                               Jan 2018     Feb 2018     Mar 2018      Apr 2018    May 2018      Jun 2018    Jul 2018     Aug 2018      Sep 2018      Oct 2018      Nov 2018     Dec 2018           Total
                                                   0.00         0.00   2,000.00           0.00         0.00                                                                0.00
Technology Fee                      0.00           0.00         0.00                                   0.00       0.00           0.00          0.00         0.00                        0.00   2,000.00
Misc. Admin/Use Tax E...            0.00                                     0.00       86.00                     0.00           0.00          0.00         0.00         67.70          0.00      153.70
Total Administrative Exp...    4,069.61         532.80    1,172.89     2,475.87     3,752.26     1,725.50    1,086.85      1,530.45      1,859.35     1,468.96       3,856.03     6,182.88
                                                                                                                                                                                              29,713.45
                                             3,858.33     3,858.33     3,858.33     3,858.33     3,858.33                                                            4,816.66
   Insurance                   3,858.33      3,858.33     3,858.33     3,858.33     3,858.33     3,858.33    3,858.35     4,816.66      4,816.66      4,816.66       4,816.66    4,816.66 51,091.63
Property Insurance             3,858.33                                                                      3,858.35     4,816.66      4,816.66      4,816.66                   4,816.66 51,091.63
Total Insurance Expense                      6,091.91     5,535.46     5,994.16     5,950.07     6,202.14                                                            5,984.78
                                             3,468.15     3,116.06     3,633.83     3,125.93     3,691.41                                                            3,971.94
   Payroll                      6,104.55                                                                      5,852.95     5,513.00      6,172.07      5,577.57                   6,070.33     71,048.99
Administrative Payroll          3,261.26         50.00          0.00         0.00         0.00       75.00    3,294.85     3,357.69      3,865.45      3,973.03            0.00   3,536.99     42,296.59
Repair & Maintenance Pa...                         0.00         0.00         0.00         0.00         0.00                                                                0.00
Commissions                         25.00                 2,591.35     2,741.02     2,656.11                        0.00       75.00         25.00           0.00    2,375.96           0.00       250.00
Bonuses                               0.00   3,297.77    11,242.87    12,369.01    11,732.11     2,779.44     1,110.38     2,152.00            0.00          0.00   12,332.68           0.00     3,262.38
PR Taxes, Benefits, WC I...                 12,907.83                                           12,747.99     2,771.17     2,961.92                    2,461.10                   2,769.79     32,438.90
Total Payroll Expense           2,301.19                      66.96        22.32       302.12                13,029.35    14,059.61      2,732.08     12,011.70          92.27   12,377.11    149,296.86
                               11,692.00           0.00      659.22       771.02       598.78        92.27                              12,794.60                    1,922.01
                                             1,131.22     6,570.00     6,360.00     5,460.00        889.82                                                           6,210.00
   Utilities                      113.08     7,440.00        -69.84      -391.79       367.36    7,800.00         92.27         81.11        103.43        144.74                   145.30        1,255.87
Cable TV / Internet Expense       738.84                    -443.05      -755.66      -213.24    1,520.11       695.58      1,294.28      1,331.50      1,268.41        341.53    2,309.16      13,609.84
Refuse Removal                  7,820.00        154.15   -7,724.84    -7,725.79    -7,461.60        -51.46    9,390.00      7,620.00      8,040.00      6,240.00        -79.74   7,410.00       86,360.00
Electricity - Common Are...        -44.08       -26.44                              8,458.00    -5,743.03     2,655.04      1,889.89      1,625.32      2,193.19    -8,855.73                   10,272.51
Electricity - Common Are...      -115.35    -9,260.91           0.00         0.00  -1,930.24                     -68.03                                              7,111.00         31.63      -2,670.98
Electricity (Vacant Units)     -6,660.38     7,727.00           0.00         0.00   7,733.00           0.00  -8,875.90            0.00          0.00      -417.07   -1,924.42      -500.94    -104,443.05
Electricity - Tenant Reim...                -1,642.50           0.00         0.00  -5,667.57           0.00               -11,646.50    -12,384.03    -10,033.62                 -8,070.72      33,755.00
Water & Sewer (Standar...            0.00                       0.00         0.00   1,322.00           0.00        0.00                                                    0.00                  -7,750.41
Water & Sewer (Rate Va...            0.00          0.00   2,455.00     2,411.00       -419.75          0.00        0.00     9,124.00            0.00    1,335.00           0.00        0.00     15,404.00
Water & Sewer - Irrigatio...         0.00          0.00     -515.03      -750.47                 1,200.00          0.00    -2,253.25            0.00          0.00   1,721.00          0.00    -11,286.57
Water & Sewer - Irrigatio...         0.00    2,886.00        102.67        31.77          0.00     -373.88         0.00     7,671.00            0.00          0.00  -1,123.85          0.00     22,436.86
Gas (Standard Cost)             2,855.00       -553.39    1,072.50     1,078.75     1,041.25        245.03    1,238.00     -5,619.00            0.00          0.00       20.65         0.00      -6,973.78
Gas (Rate Variance)            -1,108.80        127.90          0.00         2.00                1,066.25      -358.77      1,095.00      1,179.00                   1,047.50    2,790.86
Gas (Vacant Units)                  16.05    1,052.50     2,173.59     1,053.15           0.00         5.00    -407.66                      -339.45     1,284.00           0.00    -793.44          285.49
Utility Consultant/Monitor...   1,057.50           0.00                             9,590.11     6,650.11     1,047.50        -295.50         11.98       -341.45    6,482.22         42.66     12,760.00
Late Charges for Utilities           0.00    9,035.53           0.00      202.69                                  -1.00         58.50         35.00         35.94                1,097.50
Total Utilities                 4,671.86                     363.63       311.34          0.00         0.00   5,407.03                          0.00                 7,641.58          0.00             9.00
                                                   0.00      106.00                    550.32       642.30                  1,041.25        -397.25     2,122.50        572.52    4,462.01      63,023.78
                                                101.77    2,571.01         12.76       184.13                                     1.00                        2.00       83.41
                                                                       2,388.89     2,388.89           0.00
                                                 71.00        53.57                              2,516.37                  10,061.78                    3,833.64     2,528.15
                                             2,388.89                      53.57          0.00                                                                             0.00
   Repairs And Maintenance          0.00                                                            162.83      0.00           0.00          0.00          0.00                       0.00     7,844.27
Fire Protection & Phone ...      534.06          53.57                                                       407.42         934.72        115.97        696.07                     586.34      5,816.46
General Building Mainte...       196.46
Cleaning Equipment & Su...     2,388.89                                                                         0.00           0.00          0.00          0.00                       0.00        653.76
Janitor/Cleaning Contract                                                                                       0.00      2,388.89      2,388.89      2,388.89                   2,967.37     27,305.13
Exterminating Contract              0.00                                                                      53.57
                                                                                                                               0.00          0.00         77.85                    415.67         870.63

                                                                                                                                                                                 Friday, January 11, 2019
                                                                                                                                                                                                     12:11 PM
River North (660)                                                                                                                                                                                                  Page 4

Income Statement (12 months)

Period = Jan 2018-Dec 2018

Book = Accrual,Audit,Ops

                               Jan 2018       Feb 2018       Mar 2018       Apr 2018       May 2018       Jun 2018       Jul 2018       Aug 2018       Sep 2018       Oct 2018       Nov 2018       Dec 2018             Total

Exterminating Supplies              0.00            0.00           0.00           0.00            0.00          0.00         24.20             8.02           0.00          5.35            0.00           0.00         37.57
Floors, Carpet Repairs, ...         0.00            0.00           0.00           0.00            0.00          0.00          0.00             0.00           0.00          0.00          89.50          99.00         188.50
Grounds Contract                    0.00            0.00           0.00     1,400.00        1,499.75      1,078.98            0.00             0.00           0.00    1,971.28        3,514.06                      9,464.07
Grounds Supplies                    0.00            0.00           0.00           0.00            0.00       453.27                          64.01            0.00        31.85          605.90            0.00     1,392.31
Elevator Maintenance/Co...          0.00         376.52         376.52         757.27          351.48        351.48        228.01          351.48         779.45         351.48       1,718.22             9.27     6,367.23
General Repairs Material           27.93           45.00           0.00           0.00         225.14           0.00       351.48          132.73         124.15         119.89          103.00         601.85      1,119.98
General Repairs Contract            0.00         150.00         150.00         454.12             0.00       275.00                            0.00       650.00         207.13       3,745.86          300.50      6,082.11
HVAC Repairs                        0.00         752.33         329.30         192.28             0.00       163.39          41.64         558.38             0.00       150.40          668.14            0.00     2,965.03
Snow Removal                   2,212.88        1,400.00      1,800.00          240.00             0.00          0.00       450.00              0.00           0.00        43.35       1,108.58          150.81     11,471.84
Window and Doors                    0.00            0.00           0.00         38.58             0.00       148.90                            0.00           0.00          0.00                     4,667.03          199.23
Plumbing Repairs & Supplies         0.00            0.00           0.00           0.00          14.77         18.18           0.00         111.55             0.00          0.00            0.00         11.75         765.45
Water Softener Expenses             0.00            0.00           0.00        598.34             0.00          0.00          0.00             0.00           0.00          0.00         590.86          30.09      1,371.88
Electrical Repairs & Supplies      24.00           28.00           4.00           0.00            4.27          0.00          0.00         416.24         250.67         185.80          261.21         256.83      1,385.05
Locks and Keys                      0.00            0.00           0.00           0.00            0.00          0.00          0.00             0.00       516.61            0.00         241.00        -314.66      1,852.91
Appliance Maintenance/Parts      234.15          269.72         306.89         147.11          400.59         77.50        255.50          219.83         123.86         277.75          400.73         935.57      2,878.88
Decorating Supplies C...           75.24           75.24           0.00           0.00            0.00          0.00       545.73              0.00           0.00          0.00         502.49          74.78         348.43
Garage Repairs                   150.00             0.00           0.00           0.00         478.50           0.00          0.00             0.00           0.00          0.00                        197.95      3,506.95
Equipment Repair Maint...           0.00            0.00           0.00           0.00            0.00          0.00       244.21              0.00           0.00          0.00            0.00           0.00
Misc. Maintenance Expense        165.56             0.00           0.00           0.00            0.00          0.00          0.00             4.96           0.00          0.00            0.00         17.02          60.14
Total Repairs & Maintenance    6,009.17        5,712.04       6,060.92      6,796.95        6,097.84      5,888.20       2,878.45        5,190.81       4,949.60      6,507.09            43.12            0.00        170.52
                                                                                                                              0.00                                                          0.00    11,007.17      94,118.33
                                                                                                                              0.00                                                   24,418.33
                                                                                                                         5,480.21

   Turnover Expenses                    0.00       107.45         234.51         150.49             0.00           0.00           0.00       282.81             0.00           0.00       417.83         730.14        1,923.23
Paint Supplies                      380.00             0.00           0.00       234.63             0.00       150.00             0.00       560.00             0.00       430.00         520.00       1,885.00        4,159.63
Contract Painting                                      0.00                                         0.00                        31.86                           0.00
Cleaning Supplies                       0.00                        46.35            0.00           0.00         12.00            0.00         30.79            0.00           0.00           0.00           0.00        121.00
Contract Cleaning                       0.00       101.94             0.00           0.00           0.00           0.00       126.69         149.98             0.00       428.50           16.24        139.26          835.92
Carpet Repairs                          0.00           0.00           0.00           0.00       264.60             0.00           0.00                        64.28                                    1,903.66        2,030.35
Contract Carpet Cleaning                0.00           0.00           0.00           0.00           0.00                          0.00           0.00           0.00           0.00           0.00       328.22        1,645.24
Window Coverings                        0.00           0.00           0.00           0.00         46.92        169.26             0.00       529.19             0.00       123.20         166.49
Turnover Maintenance                    0.00                          0.00           0.00       311.52             0.00       158.55                          64.28                                        78.00           78.00
Total Turnover Expenses             380.00           45.34                       385.12     35,342.17              0.00   29,020.34              0.00   24,242.10              0.00           0.00       328.90          699.06
Total Direct Expenses           30,680.97          254.73         280.86     26,938.43     144,777.30                    154,137.93          178.90    155,328.50            99.00            0.00     5,393.18      11,492.43
Controllable Operating I...    145,450.78      32,301.26      24,529.54     144,770.91                         331.26                      1,731.67                      1,080.70       1,120.56     45,710.92     402,925.00
                                              144,806.64     150,964.03                                    31,201.39                     39,141.82                     30,436.87      53,379.19     136,261.91     1,726,721.6
                                                                                                          147,471.77                    127,498.10                    147,748.76     127,505.04
                                                                                                                                                                                                                                 7

   Management Fees & ...        7,019.38       7,033.27       7,084.32       7,019.74       6,868.37       7,204.78       7,146.93       7,326.33       6,665.60       7,182.82       7,127.43       7,624.97 85,303.94
Management Fees - Affil...     15,136.93      15,136.93      15,136.93      15,136.93      15,136.93      15,136.93      15,136.93      15,136.93      15,136.93      15,136.93      15,136.93      15,136.93 181,643.16
Real Estate Taxes              22,156.31      22,170.20      22,221.25      22,156.67      22,005.30      22,341.71      22,283.86      22,463.26      21,802.53      22,319.75      22,264.36      22,761.90 266,947.10
Total Mgmt. Fees & Taxes

                                                                                                                                                                                                    Friday, January 11, 2019
                                                                                                                                                                                                                        12:11 PM
River North (660)                                                                                                                                                                   Page 5

Income Statement (12 months)

Period = Jan 2018-Dec 2018

Book = Accrual,Audit,Ops

                              Jan 2018      Feb 2018     Mar 2018     Apr 2018    May 2018      Jun 2018      Jul 2018      Aug 2018    Sep 2018    Oct 2018    Nov 2018  Dec 2018  Total
                                          122,636.44   128,742.78   122,614.24   122,772.00   125,130.06   131,854.07     105,034.84  133,525.97  125,429.01  105,240.68
Net Operating Income          123,294.47                                                                                                                                  113,500.01 1,459,774.5
                                                                                                                                                                                                          7

Non-Operating Expenses

   Debt Service Interest ...  2,198.31    70,345.88    65,523.80    79,295.13    73,146.95    78,039.97    166,886.87     0.00 82,703.66 156,099.13 82,608.77 82,231.92 939,080.39
Debt Service Interest              0.00   -9,000.17           0.00         0.00         0.00         0.00           0.00
Less: Tax Increment Fin...                                    0.00         0.00         0.00         0.00           0.00  0.00        0.00        0.00        0.00        0.00 -9,000.17
Other Debt Service Fees       3,191.08           0.00
Total Debt Service Intere...  5,389.39    61,345.71    65,523.80    79,295.13    73,146.95    78,039.97    166,886.87     0.00        0.00        0.00 1,250.00           0.00 4,441.08

                                                                                                                          0.00 82,703.66 156,099.13 83,858.77 82,231.92 934,521.30

   Major Repairs/Capital ...   0.00       0.00         0.00          0.00           0.00         0.00         0.00        0.00        0.00        229.25      0.00        279.59    508.84
Microwaves                     0.00                                 12.16           0.00         0.00         0.00
Water Heaters                  0.00       0.00         0.00                         0.00       30.00          0.00        0.00        0.00        0.00        0.00        0.00      12.16
Floor Coverings - Carpet       0.00                                  0.00         24.00          0.00       15.00
Window Covering Repl...        0.00       0.00         0.00          0.00           0.00         0.00      884.52         0.00        0.00        0.00        0.00        0.00      30.00
Unit Improvements              0.00                                  0.00           0.00       91.16          0.00
Grounds                        0.00       0.00         0.00          0.00           0.00         0.00         0.00        0.00        0.00        0.00        0.00        0.00      39.00
Building Interior - Lighting   0.00                                  0.00         24.00       121.16       899.52
Total Unit Major Repairs...    0.00       0.00         0.00         12.16           0.00         0.00         0.00        0.00        0.00        0.00        0.00        0.00      884.52
1 - Grounds                    0.00                                  0.00           0.00         0.00         0.00
1 - Building & Garage Re...    0.00       0.00         0.00          0.00           0.00         0.00         0.00        0.00        0.00        0.00        0.00        0.00      91.16
1 - Miscellaneous Major        0.00                                  0.00        603.87          0.00         0.00
1 - Computers-Cloud & P...     0.00       0.00         0.00          0.00           0.00         0.00         0.00        0.00        292.31      0.00        0.00        0.00      292.31
1 - Computers - Service ...    0.00                                  0.00        187.11          0.00         0.00
1 - Computer Supplies - ...   63.32       0.00         0.00          0.00           0.00         0.00         0.00        0.00        292.31      229.25      0.00        279.59 1,857.99
1 - Computer/Office Equ...    63.32                                  0.00        790.98          0.00         0.00
Total 1 - Major Repairs/C...   0.00       0.00         0.00          0.00           0.00         0.00         0.00        0.00        0.00 6,813.15           0.00        0.00 6,813.15
4 - Insurance Damages          0.00                                  0.00           0.00         0.00         0.00
4 - Insurance Reimburs...      0.00       0.00         0.00          0.00           0.00       57.09          0.00        0.00        0.00 2,495.00           0.00        0.00 2,495.00
4 - Miscellaneous Major        0.00                                  0.00           0.00       57.09          0.00
Total 4 - Major Repairs/C...  63.32       0.00         0.00          0.00        814.98       178.25       899.52         0.00        0.00 8,944.94           0.00        0.00 8,944.94
Total All Major Repair E...                                         12.16
                                          0.00         63.32                                                              0.00        0.00        0.00        0.00        117.41    784.60

                                          0.00         24.05                                                              0.00        230.79      0.00        0.00        0.00      254.84

                                          0.00         0.00                                                               0.00        25.58       0.00        0.00 1,405.10 1,617.79

                                          0.00         -63.32                                                             0.00        0.00        0.00        0.00        0.00      0.00

                                          0.00         24.05                                                              0.00        256.37 18,253.09        0.00 1,522.51 20,910.32

                                          0.00         0.00                                                               0.00        0.00 11,483.88 4,657.60 12,585.68 28,727.16

                                          0.00         0.00                                                               0.00        0.00 -6,483.88          0.00 -2,585.68 -9,069.56

                                          0.00 3,696.24                                                                   0.00        0.00 1,013.23           0.00 8,035.51 12,802.07

                                          0.00 3,696.24                                                                   0.00        0.00 6,013.23 4,657.60 18,035.51 32,459.67

                                          0.00 3,720.29                                                                   0.00        548.68 24,495.57 4,657.60 19,837.61 55,227.98

   *Renovation/Start Up ...    22.48           0.00         0.00         0.00       0.00         0.00         0.00        0.00        0.00        0.00        21.80       0.00      44.28
Travel-Mileage, Prkg Fe...       0.00     2,280.00          0.00         0.00       0.00         0.00         0.00        0.00        0.00
Start Up - Payroll, Taxes...     0.00                       0.00         0.00       0.00         0.00         0.00        0.00        0.00        0.00        0.00        0.00 2,280.00
Start Up - Consultant            0.00          0.00         0.00         0.00       0.00         0.00         0.00        0.00        0.00
Start Up - Lease Up Expense                    0.00    1,297.54     1,650.45     122.64       274.61       129.73         0.00        0.00        0.00        0.00 4,000.00 4,000.00
Start Up - Initial Marketing  879.83      2,204.32
                                                                                                                                                  0.00        0.00 2,318.00 2,318.00

                                                                                                                                                  0.00        0.00        0.00 6,559.12

                                                                                                                                                                          Friday, January 11, 2019
                                                                                                                                                                                              12:11 PM
River North (660)                                                                                                                                                                              Page 6

Income Statement (12 months)

Period = Jan 2018-Dec 2018

Book = Accrual,Audit,Ops

                             Jan 2018    Feb 2018     Mar 2018     Apr 2018     May 2018     Jun 2018     Jul 2018        Aug 2018       Sep 2018      Oct 2018      Nov 2018     Dec 2018           Total
                                                0.00         0.00                                                                                                           0.00
*Start Up - Legal Fees          0.00                                     0.00    1,051.18          0.00        0.00              0.00           0.00         0.00                        0.00   1,051.18
*Total Renovations/Rehab     902.31       4,484.32     1,297.54    1,650.45      1,173.82       274.61      129.73               0.00           0.00         0.00         21.80    6,318.00    16,252.58

   *Extraordinary Costs      1,955.87         15.87    3,500.56    3,237.51     3,866.90     3,818.93     5,661.71        445.35         0.00          34.68              15.92   15.91        22,569.21
*Other Extraordinary Costs        0.00          0.00         0.00      23.98         0.00         0.00         0.00          0.00                                           0.00   0.00             23.98
Owner Expense-Travel-M...                                                                                                                0.00          0.00
*Total Extraordinary Cost    1,955.87         15.87    3,500.56    3,261.49     3,866.90     3,818.93     5,661.71        445.35                                          15.92   15.91        22,593.19
                                                                                                                                         0.00          34.68
                                             197.42       228.36                                                                                                        251.49
Owner Expenses                               688.88       688.88                                                                                                        688.87
                                                                                                                                                                      4,175.00
Bank Charges                 203.05             0.00         0.00      194.77       195.45       217.48         256.14         201.62         242.98        256.17      890.93      191.03        2,635.96
                                             879.16       885.54       688.88       688.88       688.88         688.88         688.88         688.87        688.87      835.00      688.88        8,266.53
Compliance Fees - DMS -...   688.88          835.00       835.00                                                                                                                                  8,350.00
                                                                          0.00         0.00         0.00            0.00           0.00          0.00          0.00         0.00       0.00     10,663.00
Compliance Fees - External 4,175.00             0.00         0.00      877.47       858.55       900.60         893.37         915.79         833.20        897.85          0.00    953.12      10,020.00
                                                0.00         0.00      835.00       835.00       835.00         835.00         835.00         835.00        835.00          0.00    835.00     354,446.51
Management Fees - DMS...     877.42       9,000.00     2,210.00                                            125,906.68     175,628.77      52,911.06                         0.00                  3,901.99
                                                0.00   3,990.00           0.00         0.00         0.00      3,901.99                                         0.00         0.00       0.00     16,830.00
Asset Management Fee...      835.00             0.00         0.00         0.00         0.00         0.00                           0.00          0.00          0.00     643.89         0.00       2,050.00
                                                0.00         0.00         0.00         0.00   3,410.00              0.00           0.00    2,210.00            0.00         0.00       0.00       3,990.00
Incentive Mgmt Fees - An...   0.00              0.00      150.00          0.00         0.00   2,050.00              0.00           0.00   -3,990.00            0.00   7,485.18         0.00     24,591.18
                                         11,600.46     8,987.78           0.00         0.00         0.00            0.00           0.00    3,990.00            0.00   9,201.41         0.00
Financial Expenses - Va...    0.00       45,190.08    45,712.81        194.86       163.00       807.25             0.00           0.00  22,636.38             0.00                    0.00         150.00
                                                                          0.00         0.00         0.00            0.00           0.00                        0.00                    0.00    445,895.17
Audit Expense                 0.00                                  2,790.98     2,740.88     8,909.21     132,482.06     178,270.06             0.00    2,677.89                 2,668.03     -14,715.65
                                                                   35,604.03    41,028.47    33,909.09    -174,205.82     -73,680.57      80,357.49    -57,878.26                 2,428.54
Tax Expense                   0.00                                                                                                       -30,083.86

Tax Expense - Payments        0.00

*Legal Partnership           145.80

*Other Partnership Expenses   0.00

Total Owner Expenses         6,925.15

Net Profit (Loss)            108,058.43

                                                                                                                                                                                  Friday, January 11, 2019
                                                                                                                                                                                                      12:11 PM
